model example

J0: R1a -> R1; J0_Vmax*R1a/(J0_Km + R1a)
J1: R1 -> R1a; J1_Vmax*R1/(J1_Km + R1)/(1+ (D/J1_Kil0+I2_1a/J1_Kil1))
J2: R2a -> R2; J2_Vmax*R2a/(J2_Km + R2a)
J3: R2 -> R2a; (R1a*J3_Kw0)*R2/(J3_Km + R2)
J4: R3a -> R3; J4_Vmax*R3a/(J4_Km + R3a)
J5: R3 -> R3a; (I2_3a*J5_Kw0)*R3/(J5_Km + R3)
J6: I1_1a -> I1_1; J6_Vmax*I1_1a/(J6_Km + I1_1a)
J7: I1_1 -> I1_1a; (R1a*J7_Kw0)*I1_1/(J7_Km + I1_1)
J8: I1_2a -> I1_2; J8_Vmax*I1_2a/(J8_Km + I1_2a)
J9: I1_2 -> I1_2a; (R2a*J9_Kw0+R3a*J9_Kw1)*I1_2/(J9_Km + I1_2)
J10: I1_3a -> I1_3; J10_Vmax*I1_3a/(J10_Km + I1_3a)
J11: I1_3 -> I1_3a; (R3a*J11_Kw0)*I1_3/(J11_Km + I1_3)
J12: I2_1a -> I2_1; J12_Vmax*I2_1a/(J12_Km + I2_1a)
J13: I2_1 -> I2_1a; (I1_1a*J13_Kw0)*I2_1/(J13_Km + I2_1)/(1+(I1_2a/J13_Kil0))
J14: I2_2a -> I2_2; J14_Vmax*I2_2a/(J14_Km + I2_2a)
J15: I2_2 -> I2_2a; (I1_2a*J15_Kw0+I1_1a*J15_Kw1+I1_3a*J15_Kw2)*I2_2/(J15_Km + I2_2)
J16: I2_3a -> I2_3; J16_Vmax*I2_3a/(J16_Km + I2_3a)
J17: I2_3 -> I2_3a; (I1_3a*J17_Kw0)*I2_3/(J17_Km + I2_3)/(1+(I1_2a/J17_Kil0))
J18: Oa -> O; J18_Vmax*Oa/(J18_Km + Oa)
J19: O -> Oa; (I2_1a*J19_Kw0+I2_2a*J19_Kw1+I2_3a*J19_Kw2)*O/(J19_Km + O)

# State variables in the system
R1a=0
R1=788
R2a=0
R2=808
R3a=0
R3=556
I1_1a=0
I1_1=914
I1_2a=0
I1_2=703
I1_3a=0
I1_3=760
I2_1a=0
I2_1=723
I2_2a=0
I2_2=576
I2_3a=0
I2_3=467
Oa=0
O=218

# Parameters in the system
J0_Km=782.3412182910566
J0_Vmax=45.47040612113854
J1_Km=775.2676168135828
J1_Kil0=0.08634067179463867
J1_Kil1=0.01042175973422305
J1_Vmax=9.57662261418587
J2_Km=235.22284631349365
J2_Vmax=7.365859852126517
J3_Km=930.1660292809958
J3_Kw0=0.8236008588016784
J4_Km=775.8323636736224
J4_Vmax=46.77468104292214
J5_Km=638.627264456645
J5_Kw0=0.3643789665747979
J6_Km=331.70548774702206
J6_Vmax=47.191109898225754
J7_Km=163.3424090319025
J7_Kw0=0.7543020707086905
J8_Km=321.36440711741574
J8_Vmax=80.49012524755551
J9_Km=138.55493350673424
J9_Kw0=0.2354371595425759
J9_Kw1=0.44572646737593763
J10_Km=17.387857739369025
J10_Vmax=67.09441877807475
J11_Km=296.52316992794727
J11_Kw0=0.147464556648217
J12_Km=572.6025262511384
J12_Vmax=63.90552076587277
J13_Km=782.2784260611218
J13_Kw0=0.5689254701287905
J13_Kil0=0.012380034002420305
J14_Km=67.42362186482406
J14_Vmax=30.163144951642458
J15_Km=561.4051554788408
J15_Kw0=0.04045838508611913
J15_Kw1=0.22203189046911645
J15_Kw2=0.8503201045959886
J16_Km=99.58830911812912
J16_Vmax=46.4092985425023
J17_Km=564.6497909828815
J17_Kw0=0.6664203504815431
J17_Kil0=0.08104459769329055
J18_Km=96.0340826165685
J18_Vmax=97.014205772316
J19_Km=502.5154871276882
J19_Kw0=0.6986040514307936
J19_Kw1=0.38567387973161477
J19_Kw2=0.6322276070079068

# Other variables in the system
D := piecewise(0, time < 500, 500)
end